(kicad_pcb (version 20171130) (host pcbnew "(5.0.1)-4")

  (general
    (thickness 1.6)
    (drawings 5)
    (tracks 96)
    (zones 0)
    (modules 17)
    (nets 19)
  )

  (page A4)
  (layers
    (0 F.Cu signal)
    (31 B.Cu signal)
    (32 B.Adhes user)
    (33 F.Adhes user)
    (34 B.Paste user)
    (35 F.Paste user)
    (36 B.SilkS user)
    (37 F.SilkS user)
    (38 B.Mask user)
    (39 F.Mask user)
    (40 Dwgs.User user hide)
    (41 Cmts.User user)
    (42 Eco1.User user)
    (43 Eco2.User user)
    (44 Edge.Cuts user)
    (45 Margin user)
    (46 B.CrtYd user)
    (47 F.CrtYd user)
    (48 B.Fab user)
    (49 F.Fab user)
  )

  (setup
    (last_trace_width 0.25)
    (trace_clearance 0.2)
    (zone_clearance 0.508)
    (zone_45_only no)
    (trace_min 0.2)
    (segment_width 0.2)
    (edge_width 0.15)
    (via_size 0.8)
    (via_drill 0.4)
    (via_min_size 0.4)
    (via_min_drill 0.3)
    (uvia_size 0.3)
    (uvia_drill 0.1)
    (uvias_allowed no)
    (uvia_min_size 0.2)
    (uvia_min_drill 0.1)
    (pcb_text_width 0.3)
    (pcb_text_size 1.5 1.5)
    (mod_edge_width 0.15)
    (mod_text_size 1 1)
    (mod_text_width 0.15)
    (pad_size 1.524 1.524)
    (pad_drill 0.762)
    (pad_to_mask_clearance 0.051)
    (solder_mask_min_width 0.25)
    (aux_axis_origin 0 0)
    (visible_elements FFFFFF7F)
    (pcbplotparams
      (layerselection 0x010fc_ffffffff)
      (usegerberextensions false)
      (usegerberattributes false)
      (usegerberadvancedattributes false)
      (creategerberjobfile false)
      (excludeedgelayer true)
      (linewidth 0.100000)
      (plotframeref false)
      (viasonmask false)
      (mode 1)
      (useauxorigin false)
      (hpglpennumber 1)
      (hpglpenspeed 20)
      (hpglpendiameter 15.000000)
      (psnegative false)
      (psa4output false)
      (plotreference true)
      (plotvalue true)
      (plotinvisibletext false)
      (padsonsilk false)
      (subtractmaskfromsilk false)
      (outputformat 1)
      (mirror false)
      (drillshape 1)
      (scaleselection 1)
      (outputdirectory ""))
  )

  (net 0 "")
  (net 1 +5V)
  (net 2 GND)
  (net 3 /linea1)
  (net 4 /linea2)
  (net 5 /linea3)
  (net 6 /linea_selec)
  (net 7 "Net-(R1-Pad1)")
  (net 8 "Net-(R1-Pad2)")
  (net 9 /sensor1)
  (net 10 /sensor2)
  (net 11 "Net-(R4-Pad2)")
  (net 12 "Net-(R4-Pad1)")
  (net 13 /sensor3)
  (net 14 /sensor4)
  (net 15 "Net-(R7-Pad1)")
  (net 16 "Net-(R7-Pad2)")
  (net 17 /sensor5)
  (net 18 /sensor6)

  (net_class Default "Esta es la clase de red por defecto."
    (clearance 0.2)
    (trace_width 0.25)
    (via_dia 0.8)
    (via_drill 0.4)
    (uvia_dia 0.3)
    (uvia_drill 0.1)
    (add_net +5V)
    (add_net /linea1)
    (add_net /linea2)
    (add_net /linea3)
    (add_net /linea_selec)
    (add_net /sensor1)
    (add_net /sensor2)
    (add_net /sensor3)
    (add_net /sensor4)
    (add_net /sensor5)
    (add_net /sensor6)
    (add_net GND)
    (add_net "Net-(R1-Pad1)")
    (add_net "Net-(R1-Pad2)")
    (add_net "Net-(R4-Pad1)")
    (add_net "Net-(R4-Pad2)")
    (add_net "Net-(R7-Pad1)")
    (add_net "Net-(R7-Pad2)")
  )

  (module Connector_PinHeader_1.27mm:PinHeader_1x06_P1.27mm_Vertical (layer F.Cu) (tedit 59FED6E3) (tstamp 5BFD627F)
    (at 178.054 100.584 90)
    (descr "Through hole straight pin header, 1x06, 1.27mm pitch, single row")
    (tags "Through hole pin header THT 1x06 1.27mm single row")
    (path /5BF1D433)
    (fp_text reference J1 (at 0 -1.695 90) (layer F.SilkS)
      (effects (font (size 1 1) (thickness 0.15)))
    )
    (fp_text value Conn_01x06_Female (at 0 8.045 90) (layer F.Fab)
      (effects (font (size 1 1) (thickness 0.15)))
    )
    (fp_line (start -0.525 -0.635) (end 1.05 -0.635) (layer F.Fab) (width 0.1))
    (fp_line (start 1.05 -0.635) (end 1.05 6.985) (layer F.Fab) (width 0.1))
    (fp_line (start 1.05 6.985) (end -1.05 6.985) (layer F.Fab) (width 0.1))
    (fp_line (start -1.05 6.985) (end -1.05 -0.11) (layer F.Fab) (width 0.1))
    (fp_line (start -1.05 -0.11) (end -0.525 -0.635) (layer F.Fab) (width 0.1))
    (fp_line (start -1.11 7.045) (end -0.30753 7.045) (layer F.SilkS) (width 0.12))
    (fp_line (start 0.30753 7.045) (end 1.11 7.045) (layer F.SilkS) (width 0.12))
    (fp_line (start -1.11 0.76) (end -1.11 7.045) (layer F.SilkS) (width 0.12))
    (fp_line (start 1.11 0.76) (end 1.11 7.045) (layer F.SilkS) (width 0.12))
    (fp_line (start -1.11 0.76) (end -0.563471 0.76) (layer F.SilkS) (width 0.12))
    (fp_line (start 0.563471 0.76) (end 1.11 0.76) (layer F.SilkS) (width 0.12))
    (fp_line (start -1.11 0) (end -1.11 -0.76) (layer F.SilkS) (width 0.12))
    (fp_line (start -1.11 -0.76) (end 0 -0.76) (layer F.SilkS) (width 0.12))
    (fp_line (start -1.55 -1.15) (end -1.55 7.5) (layer F.CrtYd) (width 0.05))
    (fp_line (start -1.55 7.5) (end 1.55 7.5) (layer F.CrtYd) (width 0.05))
    (fp_line (start 1.55 7.5) (end 1.55 -1.15) (layer F.CrtYd) (width 0.05))
    (fp_line (start 1.55 -1.15) (end -1.55 -1.15) (layer F.CrtYd) (width 0.05))
    (fp_text user %R (at 0 3.175 180) (layer F.Fab)
      (effects (font (size 1 1) (thickness 0.15)))
    )
    (pad 1 thru_hole rect (at 0 0 90) (size 1 1) (drill 0.65) (layers *.Cu *.Mask)
      (net 1 +5V))
    (pad 2 thru_hole oval (at 0 1.27 90) (size 1 1) (drill 0.65) (layers *.Cu *.Mask)
      (net 2 GND))
    (pad 3 thru_hole oval (at 0 2.54 90) (size 1 1) (drill 0.65) (layers *.Cu *.Mask)
      (net 3 /linea1))
    (pad 4 thru_hole oval (at 0 3.81 90) (size 1 1) (drill 0.65) (layers *.Cu *.Mask)
      (net 4 /linea2))
    (pad 5 thru_hole oval (at 0 5.08 90) (size 1 1) (drill 0.65) (layers *.Cu *.Mask)
      (net 5 /linea3))
    (pad 6 thru_hole oval (at 0 6.35 90) (size 1 1) (drill 0.65) (layers *.Cu *.Mask)
      (net 6 /linea_selec))
    (model ${KISYS3DMOD}/Connector_PinHeader_1.27mm.3dshapes/PinHeader_1x06_P1.27mm_Vertical.wrl
      (at (xyz 0 0 0))
      (scale (xyz 1 1 1))
      (rotate (xyz 0 0 0))
    )
  )

  (module Resistor_SMD:R_0805_2012Metric_Pad1.15x1.40mm_HandSolder (layer B.Cu) (tedit 5B36C52B) (tstamp 5BFD6290)
    (at 161.798 69.596 270)
    (descr "Resistor SMD 0805 (2012 Metric), square (rectangular) end terminal, IPC_7351 nominal with elongated pad for handsoldering. (Body size source: https://docs.google.com/spreadsheets/d/1BsfQQcO9C6DZCsRaXUlFlo91Tg2WpOkGARC1WS5S8t0/edit?usp=sharing), generated with kicad-footprint-generator")
    (tags "resistor handsolder")
    (path /5BF07713)
    (attr smd)
    (fp_text reference R1 (at 0 1.65 270) (layer B.SilkS)
      (effects (font (size 1 1) (thickness 0.15)) (justify mirror))
    )
    (fp_text value 82 (at 0 -1.65 270) (layer B.Fab)
      (effects (font (size 1 1) (thickness 0.15)) (justify mirror))
    )
    (fp_line (start -1 -0.6) (end -1 0.6) (layer B.Fab) (width 0.1))
    (fp_line (start -1 0.6) (end 1 0.6) (layer B.Fab) (width 0.1))
    (fp_line (start 1 0.6) (end 1 -0.6) (layer B.Fab) (width 0.1))
    (fp_line (start 1 -0.6) (end -1 -0.6) (layer B.Fab) (width 0.1))
    (fp_line (start -0.261252 0.71) (end 0.261252 0.71) (layer B.SilkS) (width 0.12))
    (fp_line (start -0.261252 -0.71) (end 0.261252 -0.71) (layer B.SilkS) (width 0.12))
    (fp_line (start -1.85 -0.95) (end -1.85 0.95) (layer B.CrtYd) (width 0.05))
    (fp_line (start -1.85 0.95) (end 1.85 0.95) (layer B.CrtYd) (width 0.05))
    (fp_line (start 1.85 0.95) (end 1.85 -0.95) (layer B.CrtYd) (width 0.05))
    (fp_line (start 1.85 -0.95) (end -1.85 -0.95) (layer B.CrtYd) (width 0.05))
    (fp_text user %R (at 0 0 270) (layer B.Fab)
      (effects (font (size 0.5 0.5) (thickness 0.08)) (justify mirror))
    )
    (pad 1 smd roundrect (at -1.025 0 270) (size 1.15 1.4) (layers B.Cu B.Paste B.Mask) (roundrect_rratio 0.217391)
      (net 7 "Net-(R1-Pad1)"))
    (pad 2 smd roundrect (at 1.025 0 270) (size 1.15 1.4) (layers B.Cu B.Paste B.Mask) (roundrect_rratio 0.217391)
      (net 8 "Net-(R1-Pad2)"))
    (model ${KISYS3DMOD}/Resistor_SMD.3dshapes/R_0805_2012Metric.wrl
      (at (xyz 0 0 0))
      (scale (xyz 1 1 1))
      (rotate (xyz 0 0 0))
    )
  )

  (module Resistor_SMD:R_0805_2012Metric_Pad1.15x1.40mm_HandSolder (layer F.Cu) (tedit 5B36C52B) (tstamp 5BFD62A1)
    (at 162.56 104.14)
    (descr "Resistor SMD 0805 (2012 Metric), square (rectangular) end terminal, IPC_7351 nominal with elongated pad for handsoldering. (Body size source: https://docs.google.com/spreadsheets/d/1BsfQQcO9C6DZCsRaXUlFlo91Tg2WpOkGARC1WS5S8t0/edit?usp=sharing), generated with kicad-footprint-generator")
    (tags "resistor handsolder")
    (path /5BEFF6C2)
    (attr smd)
    (fp_text reference R2 (at 0 -1.65) (layer F.SilkS)
      (effects (font (size 1 1) (thickness 0.15)))
    )
    (fp_text value 10k (at 0 1.65) (layer F.Fab)
      (effects (font (size 1 1) (thickness 0.15)))
    )
    (fp_line (start -1 0.6) (end -1 -0.6) (layer F.Fab) (width 0.1))
    (fp_line (start -1 -0.6) (end 1 -0.6) (layer F.Fab) (width 0.1))
    (fp_line (start 1 -0.6) (end 1 0.6) (layer F.Fab) (width 0.1))
    (fp_line (start 1 0.6) (end -1 0.6) (layer F.Fab) (width 0.1))
    (fp_line (start -0.261252 -0.71) (end 0.261252 -0.71) (layer F.SilkS) (width 0.12))
    (fp_line (start -0.261252 0.71) (end 0.261252 0.71) (layer F.SilkS) (width 0.12))
    (fp_line (start -1.85 0.95) (end -1.85 -0.95) (layer F.CrtYd) (width 0.05))
    (fp_line (start -1.85 -0.95) (end 1.85 -0.95) (layer F.CrtYd) (width 0.05))
    (fp_line (start 1.85 -0.95) (end 1.85 0.95) (layer F.CrtYd) (width 0.05))
    (fp_line (start 1.85 0.95) (end -1.85 0.95) (layer F.CrtYd) (width 0.05))
    (fp_text user %R (at 0 0) (layer F.Fab)
      (effects (font (size 0.5 0.5) (thickness 0.08)))
    )
    (pad 1 smd roundrect (at -1.025 0) (size 1.15 1.4) (layers F.Cu F.Paste F.Mask) (roundrect_rratio 0.217391)
      (net 1 +5V))
    (pad 2 smd roundrect (at 1.025 0) (size 1.15 1.4) (layers F.Cu F.Paste F.Mask) (roundrect_rratio 0.217391)
      (net 9 /sensor1))
    (model ${KISYS3DMOD}/Resistor_SMD.3dshapes/R_0805_2012Metric.wrl
      (at (xyz 0 0 0))
      (scale (xyz 1 1 1))
      (rotate (xyz 0 0 0))
    )
  )

  (module Resistor_SMD:R_0805_2012Metric_Pad1.15x1.40mm_HandSolder (layer B.Cu) (tedit 5B36C52B) (tstamp 5BFD62B2)
    (at 156.21 75.057)
    (descr "Resistor SMD 0805 (2012 Metric), square (rectangular) end terminal, IPC_7351 nominal with elongated pad for handsoldering. (Body size source: https://docs.google.com/spreadsheets/d/1BsfQQcO9C6DZCsRaXUlFlo91Tg2WpOkGARC1WS5S8t0/edit?usp=sharing), generated with kicad-footprint-generator")
    (tags "resistor handsolder")
    (path /5BEFF8AB)
    (attr smd)
    (fp_text reference R3 (at 0 1.65) (layer B.SilkS)
      (effects (font (size 1 1) (thickness 0.15)) (justify mirror))
    )
    (fp_text value 10k (at 0 -1.65) (layer B.Fab)
      (effects (font (size 1 1) (thickness 0.15)) (justify mirror))
    )
    (fp_text user %R (at 0 0) (layer B.Fab)
      (effects (font (size 0.5 0.5) (thickness 0.08)) (justify mirror))
    )
    (fp_line (start 1.85 -0.95) (end -1.85 -0.95) (layer B.CrtYd) (width 0.05))
    (fp_line (start 1.85 0.95) (end 1.85 -0.95) (layer B.CrtYd) (width 0.05))
    (fp_line (start -1.85 0.95) (end 1.85 0.95) (layer B.CrtYd) (width 0.05))
    (fp_line (start -1.85 -0.95) (end -1.85 0.95) (layer B.CrtYd) (width 0.05))
    (fp_line (start -0.261252 -0.71) (end 0.261252 -0.71) (layer B.SilkS) (width 0.12))
    (fp_line (start -0.261252 0.71) (end 0.261252 0.71) (layer B.SilkS) (width 0.12))
    (fp_line (start 1 -0.6) (end -1 -0.6) (layer B.Fab) (width 0.1))
    (fp_line (start 1 0.6) (end 1 -0.6) (layer B.Fab) (width 0.1))
    (fp_line (start -1 0.6) (end 1 0.6) (layer B.Fab) (width 0.1))
    (fp_line (start -1 -0.6) (end -1 0.6) (layer B.Fab) (width 0.1))
    (pad 2 smd roundrect (at 1.025 0) (size 1.15 1.4) (layers B.Cu B.Paste B.Mask) (roundrect_rratio 0.217391)
      (net 10 /sensor2))
    (pad 1 smd roundrect (at -1.025 0) (size 1.15 1.4) (layers B.Cu B.Paste B.Mask) (roundrect_rratio 0.217391)
      (net 1 +5V))
    (model ${KISYS3DMOD}/Resistor_SMD.3dshapes/R_0805_2012Metric.wrl
      (at (xyz 0 0 0))
      (scale (xyz 1 1 1))
      (rotate (xyz 0 0 0))
    )
  )

  (module Resistor_SMD:R_0805_2012Metric_Pad1.15x1.40mm_HandSolder (layer B.Cu) (tedit 5B36C52B) (tstamp 5BFD62C3)
    (at 182.118 69.596 270)
    (descr "Resistor SMD 0805 (2012 Metric), square (rectangular) end terminal, IPC_7351 nominal with elongated pad for handsoldering. (Body size source: https://docs.google.com/spreadsheets/d/1BsfQQcO9C6DZCsRaXUlFlo91Tg2WpOkGARC1WS5S8t0/edit?usp=sharing), generated with kicad-footprint-generator")
    (tags "resistor handsolder")
    (path /5BF07745)
    (attr smd)
    (fp_text reference R4 (at 0 1.65 270) (layer B.SilkS)
      (effects (font (size 1 1) (thickness 0.15)) (justify mirror))
    )
    (fp_text value 82 (at 0 -1.65 270) (layer B.Fab)
      (effects (font (size 1 1) (thickness 0.15)) (justify mirror))
    )
    (fp_text user %R (at 0 0 270) (layer B.Fab)
      (effects (font (size 0.5 0.5) (thickness 0.08)) (justify mirror))
    )
    (fp_line (start 1.85 -0.95) (end -1.85 -0.95) (layer B.CrtYd) (width 0.05))
    (fp_line (start 1.85 0.95) (end 1.85 -0.95) (layer B.CrtYd) (width 0.05))
    (fp_line (start -1.85 0.95) (end 1.85 0.95) (layer B.CrtYd) (width 0.05))
    (fp_line (start -1.85 -0.95) (end -1.85 0.95) (layer B.CrtYd) (width 0.05))
    (fp_line (start -0.261252 -0.71) (end 0.261252 -0.71) (layer B.SilkS) (width 0.12))
    (fp_line (start -0.261252 0.71) (end 0.261252 0.71) (layer B.SilkS) (width 0.12))
    (fp_line (start 1 -0.6) (end -1 -0.6) (layer B.Fab) (width 0.1))
    (fp_line (start 1 0.6) (end 1 -0.6) (layer B.Fab) (width 0.1))
    (fp_line (start -1 0.6) (end 1 0.6) (layer B.Fab) (width 0.1))
    (fp_line (start -1 -0.6) (end -1 0.6) (layer B.Fab) (width 0.1))
    (pad 2 smd roundrect (at 1.025 0 270) (size 1.15 1.4) (layers B.Cu B.Paste B.Mask) (roundrect_rratio 0.217391)
      (net 11 "Net-(R4-Pad2)"))
    (pad 1 smd roundrect (at -1.025 0 270) (size 1.15 1.4) (layers B.Cu B.Paste B.Mask) (roundrect_rratio 0.217391)
      (net 12 "Net-(R4-Pad1)"))
    (model ${KISYS3DMOD}/Resistor_SMD.3dshapes/R_0805_2012Metric.wrl
      (at (xyz 0 0 0))
      (scale (xyz 1 1 1))
      (rotate (xyz 0 0 0))
    )
  )

  (module Resistor_SMD:R_0805_2012Metric_Pad1.15x1.40mm_HandSolder (layer F.Cu) (tedit 5B36C52B) (tstamp 5BFD62D4)
    (at 166.37 116.84)
    (descr "Resistor SMD 0805 (2012 Metric), square (rectangular) end terminal, IPC_7351 nominal with elongated pad for handsoldering. (Body size source: https://docs.google.com/spreadsheets/d/1BsfQQcO9C6DZCsRaXUlFlo91Tg2WpOkGARC1WS5S8t0/edit?usp=sharing), generated with kicad-footprint-generator")
    (tags "resistor handsolder")
    (path /5BEFF9CD)
    (attr smd)
    (fp_text reference R5 (at 0 -1.65) (layer F.SilkS)
      (effects (font (size 1 1) (thickness 0.15)))
    )
    (fp_text value 10k (at 0 1.65) (layer F.Fab)
      (effects (font (size 1 1) (thickness 0.15)))
    )
    (fp_line (start -1 0.6) (end -1 -0.6) (layer F.Fab) (width 0.1))
    (fp_line (start -1 -0.6) (end 1 -0.6) (layer F.Fab) (width 0.1))
    (fp_line (start 1 -0.6) (end 1 0.6) (layer F.Fab) (width 0.1))
    (fp_line (start 1 0.6) (end -1 0.6) (layer F.Fab) (width 0.1))
    (fp_line (start -0.261252 -0.71) (end 0.261252 -0.71) (layer F.SilkS) (width 0.12))
    (fp_line (start -0.261252 0.71) (end 0.261252 0.71) (layer F.SilkS) (width 0.12))
    (fp_line (start -1.85 0.95) (end -1.85 -0.95) (layer F.CrtYd) (width 0.05))
    (fp_line (start -1.85 -0.95) (end 1.85 -0.95) (layer F.CrtYd) (width 0.05))
    (fp_line (start 1.85 -0.95) (end 1.85 0.95) (layer F.CrtYd) (width 0.05))
    (fp_line (start 1.85 0.95) (end -1.85 0.95) (layer F.CrtYd) (width 0.05))
    (fp_text user %R (at 0 0) (layer F.Fab)
      (effects (font (size 0.5 0.5) (thickness 0.08)))
    )
    (pad 1 smd roundrect (at -1.025 0) (size 1.15 1.4) (layers F.Cu F.Paste F.Mask) (roundrect_rratio 0.217391)
      (net 1 +5V))
    (pad 2 smd roundrect (at 1.025 0) (size 1.15 1.4) (layers F.Cu F.Paste F.Mask) (roundrect_rratio 0.217391)
      (net 13 /sensor3))
    (model ${KISYS3DMOD}/Resistor_SMD.3dshapes/R_0805_2012Metric.wrl
      (at (xyz 0 0 0))
      (scale (xyz 1 1 1))
      (rotate (xyz 0 0 0))
    )
  )

  (module Resistor_SMD:R_0805_2012Metric_Pad1.15x1.40mm_HandSolder (layer B.Cu) (tedit 5B36C52B) (tstamp 5BFD69E1)
    (at 176.53 74.93)
    (descr "Resistor SMD 0805 (2012 Metric), square (rectangular) end terminal, IPC_7351 nominal with elongated pad for handsoldering. (Body size source: https://docs.google.com/spreadsheets/d/1BsfQQcO9C6DZCsRaXUlFlo91Tg2WpOkGARC1WS5S8t0/edit?usp=sharing), generated with kicad-footprint-generator")
    (tags "resistor handsolder")
    (path /5BEFF8EF)
    (attr smd)
    (fp_text reference R6 (at 0 1.65) (layer B.SilkS)
      (effects (font (size 1 1) (thickness 0.15)) (justify mirror))
    )
    (fp_text value 10k (at 0 -1.65) (layer B.Fab)
      (effects (font (size 1 1) (thickness 0.15)) (justify mirror))
    )
    (fp_line (start -1 -0.6) (end -1 0.6) (layer B.Fab) (width 0.1))
    (fp_line (start -1 0.6) (end 1 0.6) (layer B.Fab) (width 0.1))
    (fp_line (start 1 0.6) (end 1 -0.6) (layer B.Fab) (width 0.1))
    (fp_line (start 1 -0.6) (end -1 -0.6) (layer B.Fab) (width 0.1))
    (fp_line (start -0.261252 0.71) (end 0.261252 0.71) (layer B.SilkS) (width 0.12))
    (fp_line (start -0.261252 -0.71) (end 0.261252 -0.71) (layer B.SilkS) (width 0.12))
    (fp_line (start -1.85 -0.95) (end -1.85 0.95) (layer B.CrtYd) (width 0.05))
    (fp_line (start -1.85 0.95) (end 1.85 0.95) (layer B.CrtYd) (width 0.05))
    (fp_line (start 1.85 0.95) (end 1.85 -0.95) (layer B.CrtYd) (width 0.05))
    (fp_line (start 1.85 -0.95) (end -1.85 -0.95) (layer B.CrtYd) (width 0.05))
    (fp_text user %R (at 0 0) (layer B.Fab)
      (effects (font (size 0.5 0.5) (thickness 0.08)) (justify mirror))
    )
    (pad 1 smd roundrect (at -1.025 0) (size 1.15 1.4) (layers B.Cu B.Paste B.Mask) (roundrect_rratio 0.217391)
      (net 1 +5V))
    (pad 2 smd roundrect (at 1.025 0) (size 1.15 1.4) (layers B.Cu B.Paste B.Mask) (roundrect_rratio 0.217391)
      (net 14 /sensor4))
    (model ${KISYS3DMOD}/Resistor_SMD.3dshapes/R_0805_2012Metric.wrl
      (at (xyz 0 0 0))
      (scale (xyz 1 1 1))
      (rotate (xyz 0 0 0))
    )
  )

  (module Resistor_SMD:R_0805_2012Metric_Pad1.15x1.40mm_HandSolder (layer B.Cu) (tedit 5B36C52B) (tstamp 5BFD62F6)
    (at 202.311 69.605 270)
    (descr "Resistor SMD 0805 (2012 Metric), square (rectangular) end terminal, IPC_7351 nominal with elongated pad for handsoldering. (Body size source: https://docs.google.com/spreadsheets/d/1BsfQQcO9C6DZCsRaXUlFlo91Tg2WpOkGARC1WS5S8t0/edit?usp=sharing), generated with kicad-footprint-generator")
    (tags "resistor handsolder")
    (path /5BF07793)
    (attr smd)
    (fp_text reference R7 (at 0 1.65 270) (layer B.SilkS)
      (effects (font (size 1 1) (thickness 0.15)) (justify mirror))
    )
    (fp_text value 82 (at 0 -1.65 270) (layer B.Fab)
      (effects (font (size 1 1) (thickness 0.15)) (justify mirror))
    )
    (fp_line (start -1 -0.6) (end -1 0.6) (layer B.Fab) (width 0.1))
    (fp_line (start -1 0.6) (end 1 0.6) (layer B.Fab) (width 0.1))
    (fp_line (start 1 0.6) (end 1 -0.6) (layer B.Fab) (width 0.1))
    (fp_line (start 1 -0.6) (end -1 -0.6) (layer B.Fab) (width 0.1))
    (fp_line (start -0.261252 0.71) (end 0.261252 0.71) (layer B.SilkS) (width 0.12))
    (fp_line (start -0.261252 -0.71) (end 0.261252 -0.71) (layer B.SilkS) (width 0.12))
    (fp_line (start -1.85 -0.95) (end -1.85 0.95) (layer B.CrtYd) (width 0.05))
    (fp_line (start -1.85 0.95) (end 1.85 0.95) (layer B.CrtYd) (width 0.05))
    (fp_line (start 1.85 0.95) (end 1.85 -0.95) (layer B.CrtYd) (width 0.05))
    (fp_line (start 1.85 -0.95) (end -1.85 -0.95) (layer B.CrtYd) (width 0.05))
    (fp_text user %R (at 0 0 270) (layer B.Fab)
      (effects (font (size 0.5 0.5) (thickness 0.08)) (justify mirror))
    )
    (pad 1 smd roundrect (at -1.025 0 270) (size 1.15 1.4) (layers B.Cu B.Paste B.Mask) (roundrect_rratio 0.217391)
      (net 15 "Net-(R7-Pad1)"))
    (pad 2 smd roundrect (at 1.025 0 270) (size 1.15 1.4) (layers B.Cu B.Paste B.Mask) (roundrect_rratio 0.217391)
      (net 16 "Net-(R7-Pad2)"))
    (model ${KISYS3DMOD}/Resistor_SMD.3dshapes/R_0805_2012Metric.wrl
      (at (xyz 0 0 0))
      (scale (xyz 1 1 1))
      (rotate (xyz 0 0 0))
    )
  )

  (module Resistor_SMD:R_0805_2012Metric_Pad1.15x1.40mm_HandSolder (layer F.Cu) (tedit 5B36C52B) (tstamp 5BFD6307)
    (at 142.24 111.76)
    (descr "Resistor SMD 0805 (2012 Metric), square (rectangular) end terminal, IPC_7351 nominal with elongated pad for handsoldering. (Body size source: https://docs.google.com/spreadsheets/d/1BsfQQcO9C6DZCsRaXUlFlo91Tg2WpOkGARC1WS5S8t0/edit?usp=sharing), generated with kicad-footprint-generator")
    (tags "resistor handsolder")
    (path /5BEFFA1B)
    (attr smd)
    (fp_text reference R8 (at 0 -1.65) (layer F.SilkS)
      (effects (font (size 1 1) (thickness 0.15)))
    )
    (fp_text value 10k (at 0 1.65) (layer F.Fab)
      (effects (font (size 1 1) (thickness 0.15)))
    )
    (fp_text user %R (at 0 0) (layer F.Fab)
      (effects (font (size 0.5 0.5) (thickness 0.08)))
    )
    (fp_line (start 1.85 0.95) (end -1.85 0.95) (layer F.CrtYd) (width 0.05))
    (fp_line (start 1.85 -0.95) (end 1.85 0.95) (layer F.CrtYd) (width 0.05))
    (fp_line (start -1.85 -0.95) (end 1.85 -0.95) (layer F.CrtYd) (width 0.05))
    (fp_line (start -1.85 0.95) (end -1.85 -0.95) (layer F.CrtYd) (width 0.05))
    (fp_line (start -0.261252 0.71) (end 0.261252 0.71) (layer F.SilkS) (width 0.12))
    (fp_line (start -0.261252 -0.71) (end 0.261252 -0.71) (layer F.SilkS) (width 0.12))
    (fp_line (start 1 0.6) (end -1 0.6) (layer F.Fab) (width 0.1))
    (fp_line (start 1 -0.6) (end 1 0.6) (layer F.Fab) (width 0.1))
    (fp_line (start -1 -0.6) (end 1 -0.6) (layer F.Fab) (width 0.1))
    (fp_line (start -1 0.6) (end -1 -0.6) (layer F.Fab) (width 0.1))
    (pad 2 smd roundrect (at 1.025 0) (size 1.15 1.4) (layers F.Cu F.Paste F.Mask) (roundrect_rratio 0.217391)
      (net 17 /sensor5))
    (pad 1 smd roundrect (at -1.025 0) (size 1.15 1.4) (layers F.Cu F.Paste F.Mask) (roundrect_rratio 0.217391)
      (net 1 +5V))
    (model ${KISYS3DMOD}/Resistor_SMD.3dshapes/R_0805_2012Metric.wrl
      (at (xyz 0 0 0))
      (scale (xyz 1 1 1))
      (rotate (xyz 0 0 0))
    )
  )

  (module Resistor_SMD:R_0805_2012Metric_Pad1.15x1.40mm_HandSolder (layer B.Cu) (tedit 5B36C52B) (tstamp 5BFD6318)
    (at 196.85 74.803)
    (descr "Resistor SMD 0805 (2012 Metric), square (rectangular) end terminal, IPC_7351 nominal with elongated pad for handsoldering. (Body size source: https://docs.google.com/spreadsheets/d/1BsfQQcO9C6DZCsRaXUlFlo91Tg2WpOkGARC1WS5S8t0/edit?usp=sharing), generated with kicad-footprint-generator")
    (tags "resistor handsolder")
    (path /5BEFF93B)
    (attr smd)
    (fp_text reference R9 (at 0 1.65) (layer B.SilkS)
      (effects (font (size 1 1) (thickness 0.15)) (justify mirror))
    )
    (fp_text value 10k (at 0 -1.65) (layer B.Fab)
      (effects (font (size 1 1) (thickness 0.15)) (justify mirror))
    )
    (fp_text user %R (at 0 0) (layer B.Fab)
      (effects (font (size 0.5 0.5) (thickness 0.08)) (justify mirror))
    )
    (fp_line (start 1.85 -0.95) (end -1.85 -0.95) (layer B.CrtYd) (width 0.05))
    (fp_line (start 1.85 0.95) (end 1.85 -0.95) (layer B.CrtYd) (width 0.05))
    (fp_line (start -1.85 0.95) (end 1.85 0.95) (layer B.CrtYd) (width 0.05))
    (fp_line (start -1.85 -0.95) (end -1.85 0.95) (layer B.CrtYd) (width 0.05))
    (fp_line (start -0.261252 -0.71) (end 0.261252 -0.71) (layer B.SilkS) (width 0.12))
    (fp_line (start -0.261252 0.71) (end 0.261252 0.71) (layer B.SilkS) (width 0.12))
    (fp_line (start 1 -0.6) (end -1 -0.6) (layer B.Fab) (width 0.1))
    (fp_line (start 1 0.6) (end 1 -0.6) (layer B.Fab) (width 0.1))
    (fp_line (start -1 0.6) (end 1 0.6) (layer B.Fab) (width 0.1))
    (fp_line (start -1 -0.6) (end -1 0.6) (layer B.Fab) (width 0.1))
    (pad 2 smd roundrect (at 1.025 0) (size 1.15 1.4) (layers B.Cu B.Paste B.Mask) (roundrect_rratio 0.217391)
      (net 18 /sensor6))
    (pad 1 smd roundrect (at -1.025 0) (size 1.15 1.4) (layers B.Cu B.Paste B.Mask) (roundrect_rratio 0.217391)
      (net 1 +5V))
    (model ${KISYS3DMOD}/Resistor_SMD.3dshapes/R_0805_2012Metric.wrl
      (at (xyz 0 0 0))
      (scale (xyz 1 1 1))
      (rotate (xyz 0 0 0))
    )
  )

  (module OptoDevice:Vishay_CNY70 (layer F.Cu) (tedit 5BF010A6) (tstamp 5BFD6BA0)
    (at 155.194 68.58)
    (descr "package for Vishay CNY70 refective photo coupler/interrupter")
    (tags "Vishay CNY70 refective photo coupler")
    (path /5BEFF16F)
    (fp_text reference U1 (at 1.4 -3) (layer F.SilkS)
      (effects (font (size 1 1) (thickness 0.15)))
    )
    (fp_text value CNY70 (at 1.4 5.8) (layer F.Fab)
      (effects (font (size 1 1) (thickness 0.15)))
    )
    (fp_line (start 5.15 5.05) (end -2.35 5.05) (layer F.CrtYd) (width 0.05))
    (fp_line (start 5.15 5.05) (end 5.15 -2.45) (layer F.CrtYd) (width 0.05))
    (fp_line (start -2.35 -2.45) (end -2.35 5.05) (layer F.CrtYd) (width 0.05))
    (fp_line (start -2.35 -2.45) (end 5.15 -2.45) (layer F.CrtYd) (width 0.05))
    (fp_line (start -1.1 -2.2) (end 4.9 -2.2) (layer F.Fab) (width 0.1))
    (fp_line (start 4.9 -2.2) (end 4.9 4.8) (layer F.Fab) (width 0.1))
    (fp_line (start 4.9 4.8) (end -2.1 4.8) (layer F.Fab) (width 0.1))
    (fp_line (start -2.1 4.8) (end -2.1 -1.2) (layer F.Fab) (width 0.1))
    (fp_line (start -2.1 -1.2) (end -1.1 -2.2) (layer F.Fab) (width 0.1))
    (fp_line (start 1.2 -2.2) (end 1.2 -1.9) (layer F.Fab) (width 0.1))
    (fp_line (start 1.2 -1.9) (end 1.6 -1.9) (layer F.Fab) (width 0.1))
    (fp_line (start 1.6 -1.9) (end 1.6 -2.2) (layer F.Fab) (width 0.1))
    (fp_line (start 1.6 4.8) (end 1.6 4.5) (layer F.Fab) (width 0.1))
    (fp_line (start 1.6 4.5) (end 1.2 4.5) (layer F.Fab) (width 0.1))
    (fp_line (start 1.2 4.5) (end 1.2 4.8) (layer F.Fab) (width 0.1))
    (fp_line (start 3.9 3.9) (end 3.9 -1.2) (layer F.Fab) (width 0.1))
    (fp_line (start 3.9 -1.2) (end -1.1 -1.2) (layer F.Fab) (width 0.1))
    (fp_line (start -1.1 -1.2) (end -1.1 3.9) (layer F.Fab) (width 0.1))
    (fp_line (start -1.1 3.9) (end 3.9 3.9) (layer F.Fab) (width 0.1))
    (fp_line (start 5 -2.3) (end 0 -2.3) (layer F.SilkS) (width 0.12))
    (fp_line (start -2.2 0) (end -2.2 4.9) (layer F.SilkS) (width 0.12))
    (fp_line (start -2.2 4.9) (end 5 4.9) (layer F.SilkS) (width 0.12))
    (fp_line (start 5 4.9) (end 5 -2.3) (layer F.SilkS) (width 0.12))
    (fp_text user %R (at 1.5 1.4) (layer F.Fab)
      (effects (font (size 1 1) (thickness 0.15)))
    )
    (pad 1 thru_hole roundrect (at 0 0) (size 1.6 1.6) (drill 0.8) (layers *.Cu *.Mask) (roundrect_rratio 0.156)
      (net 1 +5V))
    (pad 2 thru_hole circle (at 0 2.54) (size 1.6 1.6) (drill 0.8) (layers *.Cu *.Mask)
      (net 7 "Net-(R1-Pad1)"))
    (pad 3 thru_hole circle (at 2.8 2.54) (size 1.6 1.6) (drill 0.8) (layers *.Cu *.Mask)
      (net 9 /sensor1))
    (pad 4 thru_hole circle (at 2.8 0) (size 1.6 1.6) (drill 0.8) (layers *.Cu *.Mask)
      (net 2 GND))
    (model ${KISYS3DMOD}/OptoDevice.3dshapes/Vishay_CNY70.wrl
      (at (xyz 0 0 0))
      (scale (xyz 1 1 1))
      (rotate (xyz 0 0 0))
    )
  )

  (module OptoDevice:Vishay_CNY70 (layer F.Cu) (tedit 5B8AF8E9) (tstamp 5BFD6DA1)
    (at 165.354 68.58)
    (descr "package for Vishay CNY70 refective photo coupler/interrupter")
    (tags "Vishay CNY70 refective photo coupler")
    (path /5BEFF20B)
    (fp_text reference U2 (at 1.4 -3) (layer F.SilkS)
      (effects (font (size 1 1) (thickness 0.15)))
    )
    (fp_text value CNY70 (at 1.4 5.8) (layer F.Fab)
      (effects (font (size 1 1) (thickness 0.15)))
    )
    (fp_text user %R (at 1.5 1.4) (layer F.Fab)
      (effects (font (size 1 1) (thickness 0.15)))
    )
    (fp_line (start 5 4.9) (end 5 -2.3) (layer F.SilkS) (width 0.12))
    (fp_line (start -2.2 4.9) (end 5 4.9) (layer F.SilkS) (width 0.12))
    (fp_line (start -2.2 0) (end -2.2 4.9) (layer F.SilkS) (width 0.12))
    (fp_line (start 5 -2.3) (end 0 -2.3) (layer F.SilkS) (width 0.12))
    (fp_line (start -1.1 3.9) (end 3.9 3.9) (layer F.Fab) (width 0.1))
    (fp_line (start -1.1 -1.2) (end -1.1 3.9) (layer F.Fab) (width 0.1))
    (fp_line (start 3.9 -1.2) (end -1.1 -1.2) (layer F.Fab) (width 0.1))
    (fp_line (start 3.9 3.9) (end 3.9 -1.2) (layer F.Fab) (width 0.1))
    (fp_line (start 1.2 4.5) (end 1.2 4.8) (layer F.Fab) (width 0.1))
    (fp_line (start 1.6 4.5) (end 1.2 4.5) (layer F.Fab) (width 0.1))
    (fp_line (start 1.6 4.8) (end 1.6 4.5) (layer F.Fab) (width 0.1))
    (fp_line (start 1.6 -1.9) (end 1.6 -2.2) (layer F.Fab) (width 0.1))
    (fp_line (start 1.2 -1.9) (end 1.6 -1.9) (layer F.Fab) (width 0.1))
    (fp_line (start 1.2 -2.2) (end 1.2 -1.9) (layer F.Fab) (width 0.1))
    (fp_line (start -2.1 -1.2) (end -1.1 -2.2) (layer F.Fab) (width 0.1))
    (fp_line (start -2.1 4.8) (end -2.1 -1.2) (layer F.Fab) (width 0.1))
    (fp_line (start 4.9 4.8) (end -2.1 4.8) (layer F.Fab) (width 0.1))
    (fp_line (start 4.9 -2.2) (end 4.9 4.8) (layer F.Fab) (width 0.1))
    (fp_line (start -1.1 -2.2) (end 4.9 -2.2) (layer F.Fab) (width 0.1))
    (fp_line (start -2.35 -2.45) (end 5.15 -2.45) (layer F.CrtYd) (width 0.05))
    (fp_line (start -2.35 -2.45) (end -2.35 5.05) (layer F.CrtYd) (width 0.05))
    (fp_line (start 5.15 5.05) (end 5.15 -2.45) (layer F.CrtYd) (width 0.05))
    (fp_line (start 5.15 5.05) (end -2.35 5.05) (layer F.CrtYd) (width 0.05))
    (pad 4 thru_hole circle (at 2.8 0) (size 1.6 1.6) (drill 0.8) (layers *.Cu *.Mask)
      (net 2 GND))
    (pad 3 thru_hole circle (at 2.8 2.54) (size 1.6 1.6) (drill 0.8) (layers *.Cu *.Mask)
      (net 10 /sensor2))
    (pad 2 thru_hole circle (at 0 2.54) (size 1.6 1.6) (drill 0.8) (layers *.Cu *.Mask)
      (net 2 GND))
    (pad 1 thru_hole roundrect (at 0 0) (size 1.6 1.6) (drill 0.8) (layers *.Cu *.Mask) (roundrect_rratio 0.156)
      (net 8 "Net-(R1-Pad2)"))
    (model ${KISYS3DMOD}/OptoDevice.3dshapes/Vishay_CNY70.wrl
      (at (xyz 0 0 0))
      (scale (xyz 1 1 1))
      (rotate (xyz 0 0 0))
    )
  )

  (module OptoDevice:Vishay_CNY70 (layer F.Cu) (tedit 5B8AF8E9) (tstamp 5BFD6E46)
    (at 175.514 68.58)
    (descr "package for Vishay CNY70 refective photo coupler/interrupter")
    (tags "Vishay CNY70 refective photo coupler")
    (path /5BEFF25A)
    (fp_text reference U3 (at 1.4 -3) (layer F.SilkS)
      (effects (font (size 1 1) (thickness 0.15)))
    )
    (fp_text value CNY70 (at 1.4 5.8) (layer F.Fab)
      (effects (font (size 1 1) (thickness 0.15)))
    )
    (fp_line (start 5.15 5.05) (end -2.35 5.05) (layer F.CrtYd) (width 0.05))
    (fp_line (start 5.15 5.05) (end 5.15 -2.45) (layer F.CrtYd) (width 0.05))
    (fp_line (start -2.35 -2.45) (end -2.35 5.05) (layer F.CrtYd) (width 0.05))
    (fp_line (start -2.35 -2.45) (end 5.15 -2.45) (layer F.CrtYd) (width 0.05))
    (fp_line (start -1.1 -2.2) (end 4.9 -2.2) (layer F.Fab) (width 0.1))
    (fp_line (start 4.9 -2.2) (end 4.9 4.8) (layer F.Fab) (width 0.1))
    (fp_line (start 4.9 4.8) (end -2.1 4.8) (layer F.Fab) (width 0.1))
    (fp_line (start -2.1 4.8) (end -2.1 -1.2) (layer F.Fab) (width 0.1))
    (fp_line (start -2.1 -1.2) (end -1.1 -2.2) (layer F.Fab) (width 0.1))
    (fp_line (start 1.2 -2.2) (end 1.2 -1.9) (layer F.Fab) (width 0.1))
    (fp_line (start 1.2 -1.9) (end 1.6 -1.9) (layer F.Fab) (width 0.1))
    (fp_line (start 1.6 -1.9) (end 1.6 -2.2) (layer F.Fab) (width 0.1))
    (fp_line (start 1.6 4.8) (end 1.6 4.5) (layer F.Fab) (width 0.1))
    (fp_line (start 1.6 4.5) (end 1.2 4.5) (layer F.Fab) (width 0.1))
    (fp_line (start 1.2 4.5) (end 1.2 4.8) (layer F.Fab) (width 0.1))
    (fp_line (start 3.9 3.9) (end 3.9 -1.2) (layer F.Fab) (width 0.1))
    (fp_line (start 3.9 -1.2) (end -1.1 -1.2) (layer F.Fab) (width 0.1))
    (fp_line (start -1.1 -1.2) (end -1.1 3.9) (layer F.Fab) (width 0.1))
    (fp_line (start -1.1 3.9) (end 3.9 3.9) (layer F.Fab) (width 0.1))
    (fp_line (start 5 -2.3) (end 0 -2.3) (layer F.SilkS) (width 0.12))
    (fp_line (start -2.2 0) (end -2.2 4.9) (layer F.SilkS) (width 0.12))
    (fp_line (start -2.2 4.9) (end 5 4.9) (layer F.SilkS) (width 0.12))
    (fp_line (start 5 4.9) (end 5 -2.3) (layer F.SilkS) (width 0.12))
    (fp_text user %R (at 1.5 1.4) (layer F.Fab)
      (effects (font (size 1 1) (thickness 0.15)))
    )
    (pad 1 thru_hole roundrect (at 0 0) (size 1.6 1.6) (drill 0.8) (layers *.Cu *.Mask) (roundrect_rratio 0.156)
      (net 1 +5V))
    (pad 2 thru_hole circle (at 0 2.54) (size 1.6 1.6) (drill 0.8) (layers *.Cu *.Mask)
      (net 12 "Net-(R4-Pad1)"))
    (pad 3 thru_hole circle (at 2.8 2.54) (size 1.6 1.6) (drill 0.8) (layers *.Cu *.Mask)
      (net 13 /sensor3))
    (pad 4 thru_hole circle (at 2.8 0) (size 1.6 1.6) (drill 0.8) (layers *.Cu *.Mask)
      (net 2 GND))
    (model ${KISYS3DMOD}/OptoDevice.3dshapes/Vishay_CNY70.wrl
      (at (xyz 0 0 0))
      (scale (xyz 1 1 1))
      (rotate (xyz 0 0 0))
    )
  )

  (module OptoDevice:Vishay_CNY70 (layer F.Cu) (tedit 5BF00AC8) (tstamp 5BFD6398)
    (at 185.674 68.58)
    (descr "package for Vishay CNY70 refective photo coupler/interrupter")
    (tags "Vishay CNY70 refective photo coupler")
    (path /5BEFF234)
    (fp_text reference U4 (at 1.4 -3) (layer F.SilkS)
      (effects (font (size 1 1) (thickness 0.15)))
    )
    (fp_text value CNY70 (at 1.4 5.8) (layer F.Fab)
      (effects (font (size 1 1) (thickness 0.15)))
    )
    (fp_text user %R (at 1.5 1.4) (layer F.Fab)
      (effects (font (size 1 1) (thickness 0.15)))
    )
    (fp_line (start 5 4.9) (end 5 -2.3) (layer F.SilkS) (width 0.12))
    (fp_line (start -2.2 4.9) (end 5 4.9) (layer F.SilkS) (width 0.12))
    (fp_line (start -2.2 0) (end -2.2 4.9) (layer F.SilkS) (width 0.12))
    (fp_line (start 5 -2.3) (end 0 -2.3) (layer F.SilkS) (width 0.12))
    (fp_line (start -1.1 3.9) (end 3.9 3.9) (layer F.Fab) (width 0.1))
    (fp_line (start -1.1 -1.2) (end -1.1 3.9) (layer F.Fab) (width 0.1))
    (fp_line (start 3.9 -1.2) (end -1.1 -1.2) (layer F.Fab) (width 0.1))
    (fp_line (start 3.9 3.9) (end 3.9 -1.2) (layer F.Fab) (width 0.1))
    (fp_line (start 1.2 4.5) (end 1.2 4.8) (layer F.Fab) (width 0.1))
    (fp_line (start 1.6 4.5) (end 1.2 4.5) (layer F.Fab) (width 0.1))
    (fp_line (start 1.6 4.8) (end 1.6 4.5) (layer F.Fab) (width 0.1))
    (fp_line (start 1.6 -1.9) (end 1.6 -2.2) (layer F.Fab) (width 0.1))
    (fp_line (start 1.2 -1.9) (end 1.6 -1.9) (layer F.Fab) (width 0.1))
    (fp_line (start 1.2 -2.2) (end 1.2 -1.9) (layer F.Fab) (width 0.1))
    (fp_line (start -2.1 -1.2) (end -1.1 -2.2) (layer F.Fab) (width 0.1))
    (fp_line (start -2.1 4.8) (end -2.1 -1.2) (layer F.Fab) (width 0.1))
    (fp_line (start 4.9 4.8) (end -2.1 4.8) (layer F.Fab) (width 0.1))
    (fp_line (start 4.9 -2.2) (end 4.9 4.8) (layer F.Fab) (width 0.1))
    (fp_line (start -1.1 -2.2) (end 4.9 -2.2) (layer F.Fab) (width 0.1))
    (fp_line (start -2.35 -2.45) (end 5.15 -2.45) (layer F.CrtYd) (width 0.05))
    (fp_line (start -2.35 -2.45) (end -2.35 5.05) (layer F.CrtYd) (width 0.05))
    (fp_line (start 5.15 5.05) (end 5.15 -2.45) (layer F.CrtYd) (width 0.05))
    (fp_line (start 5.15 5.05) (end -2.35 5.05) (layer F.CrtYd) (width 0.05))
    (pad 4 thru_hole circle (at 2.8 0) (size 1.6 1.6) (drill 0.8) (layers *.Cu *.Mask)
      (net 2 GND))
    (pad 3 thru_hole circle (at 2.8 2.54) (size 1.6 1.6) (drill 0.8) (layers *.Cu *.Mask)
      (net 14 /sensor4))
    (pad 2 thru_hole circle (at 0 2.54) (size 1.6 1.6) (drill 0.8) (layers *.Cu *.Mask)
      (net 2 GND))
    (pad 1 thru_hole roundrect (at 0 0) (size 1.6 1.6) (drill 0.8) (layers *.Cu *.Mask) (roundrect_rratio 0.156)
      (net 11 "Net-(R4-Pad2)"))
    (model ${KISYS3DMOD}/OptoDevice.3dshapes/Vishay_CNY70.wrl
      (at (xyz 0 0 0))
      (scale (xyz 1 1 1))
      (rotate (xyz 0 0 0))
    )
  )

  (module OptoDevice:Vishay_CNY70 (layer F.Cu) (tedit 5B8AF8E9) (tstamp 5BFD63B8)
    (at 195.834 68.58)
    (descr "package for Vishay CNY70 refective photo coupler/interrupter")
    (tags "Vishay CNY70 refective photo coupler")
    (path /5BEFF298)
    (fp_text reference U5 (at 1.4 -3) (layer F.SilkS)
      (effects (font (size 1 1) (thickness 0.15)))
    )
    (fp_text value CNY70 (at 1.4 5.8) (layer F.Fab)
      (effects (font (size 1 1) (thickness 0.15)))
    )
    (fp_text user %R (at 1.5 1.4) (layer F.Fab)
      (effects (font (size 1 1) (thickness 0.15)))
    )
    (fp_line (start 5 4.9) (end 5 -2.3) (layer F.SilkS) (width 0.12))
    (fp_line (start -2.2 4.9) (end 5 4.9) (layer F.SilkS) (width 0.12))
    (fp_line (start -2.2 0) (end -2.2 4.9) (layer F.SilkS) (width 0.12))
    (fp_line (start 5 -2.3) (end 0 -2.3) (layer F.SilkS) (width 0.12))
    (fp_line (start -1.1 3.9) (end 3.9 3.9) (layer F.Fab) (width 0.1))
    (fp_line (start -1.1 -1.2) (end -1.1 3.9) (layer F.Fab) (width 0.1))
    (fp_line (start 3.9 -1.2) (end -1.1 -1.2) (layer F.Fab) (width 0.1))
    (fp_line (start 3.9 3.9) (end 3.9 -1.2) (layer F.Fab) (width 0.1))
    (fp_line (start 1.2 4.5) (end 1.2 4.8) (layer F.Fab) (width 0.1))
    (fp_line (start 1.6 4.5) (end 1.2 4.5) (layer F.Fab) (width 0.1))
    (fp_line (start 1.6 4.8) (end 1.6 4.5) (layer F.Fab) (width 0.1))
    (fp_line (start 1.6 -1.9) (end 1.6 -2.2) (layer F.Fab) (width 0.1))
    (fp_line (start 1.2 -1.9) (end 1.6 -1.9) (layer F.Fab) (width 0.1))
    (fp_line (start 1.2 -2.2) (end 1.2 -1.9) (layer F.Fab) (width 0.1))
    (fp_line (start -2.1 -1.2) (end -1.1 -2.2) (layer F.Fab) (width 0.1))
    (fp_line (start -2.1 4.8) (end -2.1 -1.2) (layer F.Fab) (width 0.1))
    (fp_line (start 4.9 4.8) (end -2.1 4.8) (layer F.Fab) (width 0.1))
    (fp_line (start 4.9 -2.2) (end 4.9 4.8) (layer F.Fab) (width 0.1))
    (fp_line (start -1.1 -2.2) (end 4.9 -2.2) (layer F.Fab) (width 0.1))
    (fp_line (start -2.35 -2.45) (end 5.15 -2.45) (layer F.CrtYd) (width 0.05))
    (fp_line (start -2.35 -2.45) (end -2.35 5.05) (layer F.CrtYd) (width 0.05))
    (fp_line (start 5.15 5.05) (end 5.15 -2.45) (layer F.CrtYd) (width 0.05))
    (fp_line (start 5.15 5.05) (end -2.35 5.05) (layer F.CrtYd) (width 0.05))
    (pad 4 thru_hole circle (at 2.8 0) (size 1.6 1.6) (drill 0.8) (layers *.Cu *.Mask)
      (net 2 GND))
    (pad 3 thru_hole circle (at 2.8 2.54) (size 1.6 1.6) (drill 0.8) (layers *.Cu *.Mask)
      (net 17 /sensor5))
    (pad 2 thru_hole circle (at 0 2.54) (size 1.6 1.6) (drill 0.8) (layers *.Cu *.Mask)
      (net 15 "Net-(R7-Pad1)"))
    (pad 1 thru_hole roundrect (at 0 0) (size 1.6 1.6) (drill 0.8) (layers *.Cu *.Mask) (roundrect_rratio 0.156)
      (net 1 +5V))
    (model ${KISYS3DMOD}/OptoDevice.3dshapes/Vishay_CNY70.wrl
      (at (xyz 0 0 0))
      (scale (xyz 1 1 1))
      (rotate (xyz 0 0 0))
    )
  )

  (module OptoDevice:Vishay_CNY70 (layer F.Cu) (tedit 5B8AF8E9) (tstamp 5BFD63D8)
    (at 205.994 68.58)
    (descr "package for Vishay CNY70 refective photo coupler/interrupter")
    (tags "Vishay CNY70 refective photo coupler")
    (path /5BEFF2C0)
    (fp_text reference U6 (at 1.4 -3) (layer F.SilkS)
